K  N  T_PROPUESTO T_NUESTRO T_BRUTO T_OTRO
1000  1000  2.16747  0.0897344  0.324439  4.10242
1208  1208  4.43639  0.163499  0.538167  7.78554
1416  1416  6.23281  0.192278  0.697883  13.2046
1832  1832  13.277  0.328339  1.23296  33.0456
2040  2040  18.3482  0.415278  1.56346  47.542
2248  2248  24.5376  0.517683  1.95993  66.6337
2456  2456  32.0164  0.63027  2.40074  87.7238
2664  2664  40.8299  0.737306  2.89222  114.073
2872  2872  51.1579  0.850428  3.43213  146.801
3704  3704  140.737  1.50049  6.25502  328.565
3912  3912  165.788  1.68259  7.13178  390.187
4120  4120  193.918  1.96029  8.17612  461.34
4328  4328  224.918  2.14158  9.07559  530.135
4536  4536  258.573  2.34405  10.1217  607.374
4952  4952  338.547  2.91063  13.5321  787.932
5160  5160  381.814  3.07328  13.7991  892.245
5368  5368  429.688  3.29415  15.2198  1006.59
5576  5576  481.372  3.5662  16.5434  1132.44
5784  5784  536.323  3.84574  18.2324  1269.59
5992  5992  596.004  4.13077  19.7613  1421.69


2500  1000  5.41131  0.224268  0.883077  10.4302
2500  1208  7.88783  0.28779  1.09375  15.9315
2500  1416  10.8324  0.333097  1.30836  24.4435
2500  1832  18.1457  0.460089  1.75219  45.7274
2500  2040  23.2628  0.502739  1.98932  59.5082
2500  2248  27.31  0.574074  2.21785  73.4917
2500  2456  32.5909  0.641803  2.4575  90.0673
2500  2664  38.33  0.692573  2.70659  106.019
2500  2872  44.561  0.741197  2.94752  126.589
2500  3704  95.4928  1.01167  3.96676  214.953
2500  3912  106.582  1.07423  4.26915  241.172
2500  4120  118.155  1.18874  4.51595  264.058
2500  4328  130.438  1.2353  4.78512  297.098
2500  4536  143.085  1.29138  5.08699  321.595
2500  4744  156.664  1.4129  5.6465  358.078
2500  4952  172.622  1.40993  5.6679  383.714
2500  5160  186.214  1.48339  5.95221  417.552
2500  5368  201.273  1.54004  6.23576  452.294
2500  5576  217.083  1.59882  6.52296  488.127
2500  5784  234.068  1.66732  6.91479  533.11
2500  5992  250.574  1.72701  7.14548  573.259


2500  1000  5.41119  0.224903  0.883647  10.4385
2500  1208  7.89677  0.289824  1.09662  16.0958
2500  1416  10.8366  0.333543  1.30862  24.7396
2500  1832  18.1515  0.459043  1.75204  45.9603
2500  2040  22.4882  0.503653  1.98697  59.3667
2500  2248  27.3871  0.582323  2.21867  72.5221
2500  2456  32.5959  0.641432  2.47739  89.063
2500  2664  38.3345  0.695918  2.70929  105.949
2500  2872  44.533  0.741163  2.93844  125.302
